120  ║    015     ║     119     ║ 0 0 0 1 1 1 1 ║ 1 1 1 0 1 1 1 ║ 1  ║ 0  ║ 0  ║ 1 1 1 1 1 1 1 ║ 1 1 1 1 
120  ║    023     ║     111     ║ 0 0 1 0 1 1 1 ║ 1 1 0 1 1 1 1 ║ 1  ║ 0  ║ 1  ║ 1 1 1 1 1 1 1 ║ 1 1 1 1 
120  ║    027     ║     099     ║ 0 0 1 1 0 1 1 ║ 1 1 0 0 0 1 1 ║ 0  ║ 1  ║ 0  ║ 1 1 0 0 0 0 1 ║ 1 1 0 0 
120  ║    029     ║     101     ║ 0 0 1 1 1 0 1 ║ 1 1 0 0 1 0 1 ║ 0  ║ 1  ║ 1  ║ 1 1 0 0 0 0 1 ║ 1 1 0 0 
120  ║    030     ║     102     ║ 0 0 1 1 1 1 0 ║ 1 1 0 0 1 1 0 ║ 0  ║ 0  ║ 0  ║ 1 1 0 0 1 1 0 ║ 1 1 0 1 
120  ║    039     ║     095     ║ 0 1 0 0 1 1 1 ║ 1 0 1 1 1 1 1 ║ 1  ║ 1  ║ 0  ║ 1 1 1 1 1 1 1 ║ 1 1 1 1 
120  ║    043     ║     083     ║ 0 1 0 1 0 1 1 ║ 1 0 1 0 0 1 1 ║ 0  ║ 0  ║ 1  ║ 1 0 1 0 0 1 0 ║ 1 0 1 0 
120  ║    045     ║     085     ║ 0 1 0 1 1 0 1 ║ 1 0 1 0 1 0 1 ║ 0  ║ 0  ║ 0  ║ 1 0 1 0 1 0 1 ║ 1 0 1 1 
120  ║    046     ║     086     ║ 0 1 0 1 1 1 0 ║ 1 0 1 0 1 1 0 ║ 0  ║ 1  ║ 1  ║ 1 0 1 0 0 1 0 ║ 1 0 1 0 
120  ║    051     ║     075     ║ 0 1 1 0 0 1 1 ║ 1 0 0 1 0 1 1 ║ 0  ║ 0  ║ 0  ║ 1 0 0 1 0 1 1 ║ 1 0 0 0 
120  ║    053     ║     077     ║ 0 1 1 0 1 0 1 ║ 1 0 0 1 1 0 1 ║ 0  ║ 0  ║ 1  ║ 1 0 0 1 1 0 0 ║ 1 0 0 1 
120  ║    054     ║     078     ║ 0 1 1 0 1 1 0 ║ 1 0 0 1 1 1 0 ║ 0  ║ 1  ║ 0  ║ 1 0 0 1 1 0 0 ║ 1 0 0 1 
120  ║    057     ║     065     ║ 0 1 1 1 0 0 1 ║ 1 0 0 0 0 0 1 ║ 1  ║ 1  ║ 0  ║ 1 1 0 0 0 0 1 ║ 1 1 0 0 
120  ║    058     ║     066     ║ 0 1 1 1 0 1 0 ║ 1 0 0 0 0 1 0 ║ 1  ║ 0  ║ 1  ║ 1 0 1 0 0 1 0 ║ 1 0 1 0 
120  ║    060     ║     068     ║ 0 1 1 1 1 0 0 ║ 1 0 0 0 1 0 0 ║ 1  ║ 0  ║ 0  ║ 1 0 0 1 1 0 0 ║ 1 0 0 1 
120  ║    071     ║     063     ║ 1 0 0 0 1 1 1 ║ 0 1 1 1 1 1 1 ║ 1  ║ 1  ║ 1  ║ 1 1 1 1 1 1 1 ║ 1 1 1 1 
120  ║    075     ║     051     ║ 1 0 0 1 0 1 1 ║ 0 1 1 0 0 1 1 ║ 0  ║ 0  ║ 0  ║ 0 1 1 0 0 1 1 ║ 0 1 1 0 
120  ║    077     ║     053     ║ 1 0 0 1 1 0 1 ║ 0 1 1 0 1 0 1 ║ 0  ║ 0  ║ 1  ║ 0 1 1 0 1 0 0 ║ 0 1 1 1 
120  ║    078     ║     054     ║ 1 0 0 1 1 1 0 ║ 0 1 1 0 1 1 0 ║ 0  ║ 1  ║ 0  ║ 0 1 1 0 1 0 0 ║ 0 1 1 1 
120  ║    083     ║     043     ║ 1 0 1 0 0 1 1 ║ 0 1 0 1 0 1 1 ║ 0  ║ 0  ║ 1  ║ 0 1 0 1 0 1 0 ║ 0 1 0 0 
120  ║    085     ║     045     ║ 1 0 1 0 1 0 1 ║ 0 1 0 1 1 0 1 ║ 0  ║ 0  ║ 0  ║ 0 1 0 1 1 0 1 ║ 0 1 0 1 
120  ║    086     ║     046     ║ 1 0 1 0 1 1 0 ║ 0 1 0 1 1 1 0 ║ 0  ║ 1  ║ 1  ║ 0 1 0 1 0 1 0 ║ 0 1 0 0 
120  ║    089     ║     033     ║ 1 0 1 1 0 0 1 ║ 0 1 0 0 0 0 1 ║ 1  ║ 1  ║ 1  ║ 1 1 0 0 0 0 1 ║ 1 1 0 0 
120  ║    090     ║     034     ║ 1 0 1 1 0 1 0 ║ 0 1 0 0 0 1 0 ║ 1  ║ 0  ║ 0  ║ 0 1 0 1 0 1 0 ║ 0 1 0 0 
120  ║    092     ║     036     ║ 1 0 1 1 1 0 0 ║ 0 1 0 0 1 0 0 ║ 1  ║ 0  ║ 1  ║ 0 1 1 0 1 0 0 ║ 0 1 1 1 
120  ║    099     ║     027     ║ 1 1 0 0 0 1 1 ║ 0 0 1 1 0 1 1 ║ 0  ║ 1  ║ 0  ║ 0 0 1 1 0 0 1 ║ 0 0 1 0 
120  ║    101     ║     029     ║ 1 1 0 0 1 0 1 ║ 0 0 1 1 1 0 1 ║ 0  ║ 1  ║ 1  ║ 0 0 1 1 0 0 1 ║ 0 0 1 0 
120  ║    102     ║     030     ║ 1 1 0 0 1 1 0 ║ 0 0 1 1 1 1 0 ║ 0  ║ 0  ║ 0  ║ 0 0 1 1 1 1 0 ║ 0 0 1 1 
120  ║    105     ║     017     ║ 1 1 0 1 0 0 1 ║ 0 0 1 0 0 0 1 ║ 1  ║ 0  ║ 0  ║ 0 0 1 1 0 0 1 ║ 0 0 1 0 
120  ║    106     ║     018     ║ 1 1 0 1 0 1 0 ║ 0 0 1 0 0 1 0 ║ 1  ║ 1  ║ 1  ║ 1 0 1 0 0 1 0 ║ 1 0 1 0 
120  ║    108     ║     020     ║ 1 1 0 1 1 0 0 ║ 0 0 1 0 1 0 0 ║ 1  ║ 1  ║ 0  ║ 0 1 1 0 1 0 0 ║ 0 1 1 1 
120  ║    113     ║     009     ║ 1 1 1 0 0 0 1 ║ 0 0 0 1 0 0 1 ║ 1  ║ 0  ║ 1  ║ 0 0 1 1 0 0 1 ║ 0 0 1 0 
120  ║    114     ║     010     ║ 1 1 1 0 0 1 0 ║ 0 0 0 1 0 1 0 ║ 1  ║ 1  ║ 0  ║ 0 1 0 1 0 1 0 ║ 0 1 0 0 
120  ║    116     ║     012     ║ 1 1 1 0 1 0 0 ║ 0 0 0 1 1 0 0 ║ 1  ║ 1  ║ 1  ║ 1 0 0 1 1 0 0 ║ 1 0 0 1 
120  ║    120     ║     000     ║ 1 1 1 1 0 0 0 ║ 0 0 0 0 0 0 0 ║ 0  ║ 0  ║ 0  ║ 0 0 0 0 0 0 0 ║ 0 0 0 0 
