120  ║    031     ║     103     ║ 0 0 1 1 1 1 1 ║ 1 1 0 0 1 1 1 ║ 0  ║ 0  ║ 1  ║ 1 1 0 0 1 1 0 ║ 1 1 0 1 
120  ║    047     ║     087     ║ 0 1 0 1 1 1 1 ║ 1 0 1 0 1 1 1 ║ 0  ║ 1  ║ 0  ║ 1 0 1 0 1 0 1 ║ 1 0 1 1 
120  ║    055     ║     079     ║ 0 1 1 0 1 1 1 ║ 1 0 0 1 1 1 1 ║ 0  ║ 1  ║ 1  ║ 1 0 0 1 0 1 1 ║ 1 0 0 0 
120  ║    059     ║     067     ║ 0 1 1 1 0 1 1 ║ 1 0 0 0 0 1 1 ║ 1  ║ 0  ║ 0  ║ 1 0 0 1 0 1 1 ║ 1 0 0 0 
120  ║    061     ║     069     ║ 0 1 1 1 1 0 1 ║ 1 0 0 0 1 0 1 ║ 1  ║ 0  ║ 1  ║ 1 0 1 0 1 0 1 ║ 1 0 1 1 
120  ║    062     ║     070     ║ 0 1 1 1 1 1 0 ║ 1 0 0 0 1 1 0 ║ 1  ║ 1  ║ 0  ║ 1 1 0 0 1 1 0 ║ 1 1 0 1 
120  ║    079     ║     055     ║ 1 0 0 1 1 1 1 ║ 0 1 1 0 1 1 1 ║ 0  ║ 1  ║ 1  ║ 0 1 1 0 0 1 1 ║ 0 1 1 0 
120  ║    087     ║     047     ║ 1 0 1 0 1 1 1 ║ 0 1 0 1 1 1 1 ║ 0  ║ 1  ║ 0  ║ 0 1 0 1 1 0 1 ║ 0 1 0 1 
120  ║    091     ║     035     ║ 1 0 1 1 0 1 1 ║ 0 1 0 0 0 1 1 ║ 1  ║ 0  ║ 1  ║ 0 1 1 0 0 1 1 ║ 0 1 1 0 
120  ║    093     ║     037     ║ 1 0 1 1 1 0 1 ║ 0 1 0 0 1 0 1 ║ 1  ║ 0  ║ 0  ║ 0 1 0 1 1 0 1 ║ 0 1 0 1 
120  ║    094     ║     038     ║ 1 0 1 1 1 1 0 ║ 0 1 0 0 1 1 0 ║ 1  ║ 1  ║ 1  ║ 1 1 0 0 1 1 0 ║ 1 1 0 1 
120  ║    103     ║     031     ║ 1 1 0 0 1 1 1 ║ 0 0 1 1 1 1 1 ║ 0  ║ 0  ║ 1  ║ 0 0 1 1 1 1 0 ║ 0 0 1 1 
120  ║    107     ║     019     ║ 1 1 0 1 0 1 1 ║ 0 0 1 0 0 1 1 ║ 1  ║ 1  ║ 0  ║ 0 1 1 0 0 1 1 ║ 0 1 1 0 
120  ║    109     ║     021     ║ 1 1 0 1 1 0 1 ║ 0 0 1 0 1 0 1 ║ 1  ║ 1  ║ 1  ║ 1 0 1 0 1 0 1 ║ 1 0 1 1 
120  ║    110     ║     022     ║ 1 1 0 1 1 1 0 ║ 0 0 1 0 1 1 0 ║ 1  ║ 0  ║ 0  ║ 0 0 1 1 1 1 0 ║ 0 0 1 1 
120  ║    115     ║     011     ║ 1 1 1 0 0 1 1 ║ 0 0 0 1 0 1 1 ║ 1  ║ 1  ║ 1  ║ 1 0 0 1 0 1 1 ║ 1 0 0 0 
120  ║    117     ║     013     ║ 1 1 1 0 1 0 1 ║ 0 0 0 1 1 0 1 ║ 1  ║ 1  ║ 0  ║ 0 1 0 1 1 0 1 ║ 0 1 0 1 
120  ║    118     ║     014     ║ 1 1 1 0 1 1 0 ║ 0 0 0 1 1 1 0 ║ 1  ║ 0  ║ 1  ║ 0 0 1 1 1 1 0 ║ 0 0 1 1 
120  ║    121     ║     001     ║ 1 1 1 1 0 0 1 ║ 0 0 0 0 0 0 1 ║ 0  ║ 0  ║ 1  ║ 0 0 0 0 0 0 0 ║ 0 0 0 0 
120  ║    122     ║     002     ║ 1 1 1 1 0 1 0 ║ 0 0 0 0 0 1 0 ║ 0  ║ 1  ║ 0  ║ 0 0 0 0 0 0 0 ║ 0 0 0 0 
120  ║    124     ║     004     ║ 1 1 1 1 1 0 0 ║ 0 0 0 0 1 0 0 ║ 0  ║ 1  ║ 1  ║ 0 0 0 0 0 0 0 ║ 0 0 0 0 
