120  ║    003     ║     123     ║ 0 0 0 0 0 1 1 ║ 1 1 1 1 0 1 1 ║ 0  ║ 1  ║ 1  ║ 1 1 1 1 1 1 1 ║ 1 1 1 1 
120  ║    005     ║     125     ║ 0 0 0 0 1 0 1 ║ 1 1 1 1 1 0 1 ║ 0  ║ 1  ║ 0  ║ 1 1 1 1 1 1 1 ║ 1 1 1 1 
120  ║    006     ║     126     ║ 0 0 0 0 1 1 0 ║ 1 1 1 1 1 1 0 ║ 0  ║ 0  ║ 1  ║ 1 1 1 1 1 1 1 ║ 1 1 1 1 
120  ║    009     ║     113     ║ 0 0 0 1 0 0 1 ║ 1 1 1 0 0 0 1 ║ 1  ║ 0  ║ 1  ║ 1 1 0 0 0 0 1 ║ 1 1 0 0 
120  ║    010     ║     114     ║ 0 0 0 1 0 1 0 ║ 1 1 1 0 0 1 0 ║ 1  ║ 1  ║ 0  ║ 1 0 1 0 0 1 0 ║ 1 0 1 0 
120  ║    012     ║     116     ║ 0 0 0 1 1 0 0 ║ 1 1 1 0 1 0 0 ║ 1  ║ 1  ║ 1  ║ 0 1 1 0 1 0 0 ║ 0 1 1 1 
120  ║    017     ║     105     ║ 0 0 1 0 0 0 1 ║ 1 1 0 1 0 0 1 ║ 1  ║ 0  ║ 0  ║ 1 1 0 0 0 0 1 ║ 1 1 0 0 
120  ║    018     ║     106     ║ 0 0 1 0 0 1 0 ║ 1 1 0 1 0 1 0 ║ 1  ║ 1  ║ 1  ║ 0 1 0 1 0 1 0 ║ 0 1 0 0 
120  ║    020     ║     108     ║ 0 0 1 0 1 0 0 ║ 1 1 0 1 1 0 0 ║ 1  ║ 1  ║ 0  ║ 1 0 0 1 1 0 0 ║ 1 0 0 1 
120  ║    024     ║     096     ║ 0 0 1 1 0 0 0 ║ 1 1 0 0 0 0 0 ║ 0  ║ 0  ║ 1  ║ 1 1 0 0 0 0 1 ║ 1 1 0 0 
120  ║    033     ║     089     ║ 0 1 0 0 0 0 1 ║ 1 0 1 1 0 0 1 ║ 1  ║ 1  ║ 1  ║ 0 0 1 1 0 0 1 ║ 0 0 1 0 
120  ║    034     ║     090     ║ 0 1 0 0 0 1 0 ║ 1 0 1 1 0 1 0 ║ 1  ║ 0  ║ 0  ║ 1 0 1 0 0 1 0 ║ 1 0 1 0 
120  ║    036     ║     092     ║ 0 1 0 0 1 0 0 ║ 1 0 1 1 1 0 0 ║ 1  ║ 0  ║ 1  ║ 1 0 0 1 1 0 0 ║ 1 0 0 1 
120  ║    040     ║     080     ║ 0 1 0 1 0 0 0 ║ 1 0 1 0 0 0 0 ║ 0  ║ 1  ║ 0  ║ 1 0 1 0 0 1 0 ║ 1 0 1 0 
120  ║    048     ║     072     ║ 0 1 1 0 0 0 0 ║ 1 0 0 1 0 0 0 ║ 0  ║ 1  ║ 1  ║ 1 0 0 1 1 0 0 ║ 1 0 0 1 
120  ║    065     ║     057     ║ 1 0 0 0 0 0 1 ║ 0 1 1 1 0 0 1 ║ 1  ║ 1  ║ 0  ║ 0 0 1 1 0 0 1 ║ 0 0 1 0 
120  ║    066     ║     058     ║ 1 0 0 0 0 1 0 ║ 0 1 1 1 0 1 0 ║ 1  ║ 0  ║ 1  ║ 0 1 0 1 0 1 0 ║ 0 1 0 0 
120  ║    068     ║     060     ║ 1 0 0 0 1 0 0 ║ 0 1 1 1 1 0 0 ║ 1  ║ 0  ║ 0  ║ 0 1 1 0 1 0 0 ║ 0 1 1 1 
120  ║    072     ║     048     ║ 1 0 0 1 0 0 0 ║ 0 1 1 0 0 0 0 ║ 0  ║ 1  ║ 1  ║ 0 1 1 0 1 0 0 ║ 0 1 1 1 
120  ║    080     ║     040     ║ 1 0 1 0 0 0 0 ║ 0 1 0 1 0 0 0 ║ 0  ║ 1  ║ 0  ║ 0 1 0 1 0 1 0 ║ 0 1 0 0 
120  ║    096     ║     024     ║ 1 1 0 0 0 0 0 ║ 0 0 1 1 0 0 0 ║ 0  ║ 0  ║ 1  ║ 0 0 1 1 0 0 1 ║ 0 0 1 0 
