120  ║    007     ║     127     ║ 0 0 0 0 1 1 1 ║ 1 1 1 1 1 1 1 ║ 0  ║ 0  ║ 0  ║ 1 1 1 1 1 1 1 ║ 1 1 1 1 
120  ║    011     ║     115     ║ 0 0 0 1 0 1 1 ║ 1 1 1 0 0 1 1 ║ 1  ║ 1  ║ 1  ║ 0 1 1 0 0 1 1 ║ 0 1 1 0 
120  ║    013     ║     117     ║ 0 0 0 1 1 0 1 ║ 1 1 1 0 1 0 1 ║ 1  ║ 1  ║ 0  ║ 1 0 1 0 1 0 1 ║ 1 0 1 1 
120  ║    014     ║     118     ║ 0 0 0 1 1 1 0 ║ 1 1 1 0 1 1 0 ║ 1  ║ 0  ║ 1  ║ 1 1 0 0 1 1 0 ║ 1 1 0 1 
120  ║    019     ║     107     ║ 0 0 1 0 0 1 1 ║ 1 1 0 1 0 1 1 ║ 1  ║ 1  ║ 0  ║ 1 0 0 1 0 1 1 ║ 1 0 0 0 
120  ║    021     ║     109     ║ 0 0 1 0 1 0 1 ║ 1 1 0 1 1 0 1 ║ 1  ║ 1  ║ 1  ║ 0 1 0 1 1 0 1 ║ 0 1 0 1 
120  ║    022     ║     110     ║ 0 0 1 0 1 1 0 ║ 1 1 0 1 1 1 0 ║ 1  ║ 0  ║ 0  ║ 1 1 0 0 1 1 0 ║ 1 1 0 1 
120  ║    025     ║     097     ║ 0 0 1 1 0 0 1 ║ 1 1 0 0 0 0 1 ║ 0  ║ 0  ║ 0  ║ 1 1 0 0 0 0 1 ║ 1 1 0 0 
120  ║    026     ║     098     ║ 0 0 1 1 0 1 0 ║ 1 1 0 0 0 1 0 ║ 0  ║ 1  ║ 1  ║ 1 1 0 0 1 1 0 ║ 1 1 0 1 
120  ║    028     ║     100     ║ 0 0 1 1 1 0 0 ║ 1 1 0 0 1 0 0 ║ 0  ║ 1  ║ 0  ║ 1 1 0 0 1 1 0 ║ 1 1 0 1 
120  ║    035     ║     091     ║ 0 1 0 0 0 1 1 ║ 1 0 1 1 0 1 1 ║ 1  ║ 0  ║ 1  ║ 1 0 0 1 0 1 1 ║ 1 0 0 0 
120  ║    037     ║     093     ║ 0 1 0 0 1 0 1 ║ 1 0 1 1 1 0 1 ║ 1  ║ 0  ║ 0  ║ 1 0 1 0 1 0 1 ║ 1 0 1 1 
120  ║    038     ║     094     ║ 0 1 0 0 1 1 0 ║ 1 0 1 1 1 1 0 ║ 1  ║ 1  ║ 1  ║ 0 0 1 1 1 1 0 ║ 0 0 1 1 
120  ║    041     ║     081     ║ 0 1 0 1 0 0 1 ║ 1 0 1 0 0 0 1 ║ 0  ║ 1  ║ 1  ║ 1 0 1 0 1 0 1 ║ 1 0 1 1 
120  ║    042     ║     082     ║ 0 1 0 1 0 1 0 ║ 1 0 1 0 0 1 0 ║ 0  ║ 0  ║ 0  ║ 1 0 1 0 0 1 0 ║ 1 0 1 0 
120  ║    044     ║     084     ║ 0 1 0 1 1 0 0 ║ 1 0 1 0 1 0 0 ║ 0  ║ 0  ║ 1  ║ 1 0 1 0 1 0 1 ║ 1 0 1 1 
120  ║    049     ║     073     ║ 0 1 1 0 0 0 1 ║ 1 0 0 1 0 0 1 ║ 0  ║ 1  ║ 0  ║ 1 0 0 1 0 1 1 ║ 1 0 0 0 
120  ║    050     ║     074     ║ 0 1 1 0 0 1 0 ║ 1 0 0 1 0 1 0 ║ 0  ║ 0  ║ 1  ║ 1 0 0 1 0 1 1 ║ 1 0 0 0 
120  ║    052     ║     076     ║ 0 1 1 0 1 0 0 ║ 1 0 0 1 1 0 0 ║ 0  ║ 0  ║ 0  ║ 1 0 0 1 1 0 0 ║ 1 0 0 1 
120  ║    056     ║     064     ║ 0 1 1 1 0 0 0 ║ 1 0 0 0 0 0 0 ║ 1  ║ 1  ║ 1  ║ 0 0 0 0 0 0 0 ║ 0 0 0 0 
120  ║    067     ║     059     ║ 1 0 0 0 0 1 1 ║ 0 1 1 1 0 1 1 ║ 1  ║ 0  ║ 0  ║ 0 1 1 0 0 1 1 ║ 0 1 1 0 
120  ║    069     ║     061     ║ 1 0 0 0 1 0 1 ║ 0 1 1 1 1 0 1 ║ 1  ║ 0  ║ 1  ║ 0 1 0 1 1 0 1 ║ 0 1 0 1 
120  ║    070     ║     062     ║ 1 0 0 0 1 1 0 ║ 0 1 1 1 1 1 0 ║ 1  ║ 1  ║ 0  ║ 0 0 1 1 1 1 0 ║ 0 0 1 1 
120  ║    073     ║     049     ║ 1 0 0 1 0 0 1 ║ 0 1 1 0 0 0 1 ║ 0  ║ 1  ║ 0  ║ 0 1 1 0 0 1 1 ║ 0 1 1 0 
120  ║    074     ║     050     ║ 1 0 0 1 0 1 0 ║ 0 1 1 0 0 1 0 ║ 0  ║ 0  ║ 1  ║ 0 1 1 0 0 1 1 ║ 0 1 1 0 
120  ║    076     ║     052     ║ 1 0 0 1 1 0 0 ║ 0 1 1 0 1 0 0 ║ 0  ║ 0  ║ 0  ║ 0 1 1 0 1 0 0 ║ 0 1 1 1 
120  ║    081     ║     041     ║ 1 0 1 0 0 0 1 ║ 0 1 0 1 0 0 1 ║ 0  ║ 1  ║ 1  ║ 0 1 0 1 1 0 1 ║ 0 1 0 1 
120  ║    082     ║     042     ║ 1 0 1 0 0 1 0 ║ 0 1 0 1 0 1 0 ║ 0  ║ 0  ║ 0  ║ 0 1 0 1 0 1 0 ║ 0 1 0 0 
120  ║    084     ║     044     ║ 1 0 1 0 1 0 0 ║ 0 1 0 1 1 0 0 ║ 0  ║ 0  ║ 1  ║ 0 1 0 1 1 0 1 ║ 0 1 0 1 
120  ║    088     ║     032     ║ 1 0 1 1 0 0 0 ║ 0 1 0 0 0 0 0 ║ 1  ║ 1  ║ 0  ║ 0 0 0 0 0 0 0 ║ 0 0 0 0 
120  ║    097     ║     025     ║ 1 1 0 0 0 0 1 ║ 0 0 1 1 0 0 1 ║ 0  ║ 0  ║ 0  ║ 0 0 1 1 0 0 1 ║ 0 0 1 0 
120  ║    098     ║     026     ║ 1 1 0 0 0 1 0 ║ 0 0 1 1 0 1 0 ║ 0  ║ 1  ║ 1  ║ 0 0 1 1 1 1 0 ║ 0 0 1 1 
120  ║    100     ║     028     ║ 1 1 0 0 1 0 0 ║ 0 0 1 1 1 0 0 ║ 0  ║ 1  ║ 0  ║ 0 0 1 1 1 1 0 ║ 0 0 1 1 
120  ║    104     ║     016     ║ 1 1 0 1 0 0 0 ║ 0 0 1 0 0 0 0 ║ 1  ║ 0  ║ 1  ║ 0 0 0 0 0 0 0 ║ 0 0 0 0 
120  ║    112     ║     008     ║ 1 1 1 0 0 0 0 ║ 0 0 0 1 0 0 0 ║ 1  ║ 0  ║ 0  ║ 0 0 0 0 0 0 0 ║ 0 0 0 0 
