Your input code is 1110 
Code vector is 1 1 1 1 0 0 0  
код_дек║ ошибка_дек ║ посл_ош_дек ║  ошибка_бин   ║ после_оши_бин ║ h1 ║ h2 ║ h3 ║ исправленное  ║ код_вых  
  120  ║    000     ║     120     ║ 0 0 0 0 0 0 0 ║ 1 1 1 1 0 0 0 ║ 0  ║ 0  ║ 0  ║ 1 1 1 1 0 0 0 ║ 1 1 1 0 ║ CORRECT 
  120  ║    001     ║     121     ║ 0 0 0 0 0 0 1 ║ 1 1 1 1 0 0 1 ║ 0  ║ 0  ║ 1  ║ 1 1 1 1 0 0 0 ║ 1 1 1 0 ║ CORRECT 
  120  ║    002     ║     122     ║ 0 0 0 0 0 1 0 ║ 1 1 1 1 0 1 0 ║ 0  ║ 1  ║ 0  ║ 1 1 1 1 0 0 0 ║ 1 1 1 0 ║ CORRECT 
  120  ║    003     ║     123     ║ 0 0 0 0 0 1 1 ║ 1 1 1 1 0 1 1 ║ 0  ║ 1  ║ 1  ║ 1 1 1 1 1 1 1 ║ 1 1 1 1  
  120  ║    004     ║     124     ║ 0 0 0 0 1 0 0 ║ 1 1 1 1 1 0 0 ║ 0  ║ 1  ║ 1  ║ 1 1 1 1 0 0 0 ║ 1 1 1 0 ║ CORRECT 
  120  ║    005     ║     125     ║ 0 0 0 0 1 0 1 ║ 1 1 1 1 1 0 1 ║ 0  ║ 1  ║ 0  ║ 1 1 1 1 1 1 1 ║ 1 1 1 1  
  120  ║    006     ║     126     ║ 0 0 0 0 1 1 0 ║ 1 1 1 1 1 1 0 ║ 0  ║ 0  ║ 1  ║ 1 1 1 1 1 1 1 ║ 1 1 1 1  
  120  ║    007     ║     127     ║ 0 0 0 0 1 1 1 ║ 1 1 1 1 1 1 1 ║ 0  ║ 0  ║ 0  ║ 1 1 1 1 1 1 1 ║ 1 1 1 1  
  120  ║    008     ║     112     ║ 0 0 0 1 0 0 0 ║ 1 1 1 0 0 0 0 ║ 1  ║ 0  ║ 0  ║ 1 1 1 1 0 0 0 ║ 1 1 1 0 ║ CORRECT 
  120  ║    009     ║     113     ║ 0 0 0 1 0 0 1 ║ 1 1 1 0 0 0 1 ║ 1  ║ 0  ║ 1  ║ 1 1 0 0 0 0 1 ║ 1 1 0 0  
  120  ║    010     ║     114     ║ 0 0 0 1 0 1 0 ║ 1 1 1 0 0 1 0 ║ 1  ║ 1  ║ 0  ║ 1 0 1 0 0 1 0 ║ 1 0 1 0  
  120  ║    011     ║     115     ║ 0 0 0 1 0 1 1 ║ 1 1 1 0 0 1 1 ║ 1  ║ 1  ║ 1  ║ 0 1 1 0 0 1 1 ║ 0 1 1 0  
  120  ║    012     ║     116     ║ 0 0 0 1 1 0 0 ║ 1 1 1 0 1 0 0 ║ 1  ║ 1  ║ 1  ║ 0 1 1 0 1 0 0 ║ 0 1 1 1  
  120  ║    013     ║     117     ║ 0 0 0 1 1 0 1 ║ 1 1 1 0 1 0 1 ║ 1  ║ 1  ║ 0  ║ 1 0 1 0 1 0 1 ║ 1 0 1 1  
  120  ║    014     ║     118     ║ 0 0 0 1 1 1 0 ║ 1 1 1 0 1 1 0 ║ 1  ║ 0  ║ 1  ║ 1 1 0 0 1 1 0 ║ 1 1 0 1  
  120  ║    015     ║     119     ║ 0 0 0 1 1 1 1 ║ 1 1 1 0 1 1 1 ║ 1  ║ 0  ║ 0  ║ 1 1 1 1 1 1 1 ║ 1 1 1 1  
  120  ║    016     ║     104     ║ 0 0 1 0 0 0 0 ║ 1 1 0 1 0 0 0 ║ 1  ║ 0  ║ 1  ║ 1 1 1 1 0 0 0 ║ 1 1 1 0 ║ CORRECT 
  120  ║    017     ║     105     ║ 0 0 1 0 0 0 1 ║ 1 1 0 1 0 0 1 ║ 1  ║ 0  ║ 0  ║ 1 1 0 0 0 0 1 ║ 1 1 0 0  
  120  ║    018     ║     106     ║ 0 0 1 0 0 1 0 ║ 1 1 0 1 0 1 0 ║ 1  ║ 1  ║ 1  ║ 0 1 0 1 0 1 0 ║ 0 1 0 0  
  120  ║    019     ║     107     ║ 0 0 1 0 0 1 1 ║ 1 1 0 1 0 1 1 ║ 1  ║ 1  ║ 0  ║ 1 0 0 1 0 1 1 ║ 1 0 0 0  
  120  ║    020     ║     108     ║ 0 0 1 0 1 0 0 ║ 1 1 0 1 1 0 0 ║ 1  ║ 1  ║ 0  ║ 1 0 0 1 1 0 0 ║ 1 0 0 1  
  120  ║    021     ║     109     ║ 0 0 1 0 1 0 1 ║ 1 1 0 1 1 0 1 ║ 1  ║ 1  ║ 1  ║ 0 1 0 1 1 0 1 ║ 0 1 0 1  
  120  ║    022     ║     110     ║ 0 0 1 0 1 1 0 ║ 1 1 0 1 1 1 0 ║ 1  ║ 0  ║ 0  ║ 1 1 0 0 1 1 0 ║ 1 1 0 1  
  120  ║    023     ║     111     ║ 0 0 1 0 1 1 1 ║ 1 1 0 1 1 1 1 ║ 1  ║ 0  ║ 1  ║ 1 1 1 1 1 1 1 ║ 1 1 1 1  
  120  ║    024     ║     096     ║ 0 0 1 1 0 0 0 ║ 1 1 0 0 0 0 0 ║ 0  ║ 0  ║ 1  ║ 1 1 0 0 0 0 1 ║ 1 1 0 0  
  120  ║    025     ║     097     ║ 0 0 1 1 0 0 1 ║ 1 1 0 0 0 0 1 ║ 0  ║ 0  ║ 0  ║ 1 1 0 0 0 0 1 ║ 1 1 0 0  
  120  ║    026     ║     098     ║ 0 0 1 1 0 1 0 ║ 1 1 0 0 0 1 0 ║ 0  ║ 1  ║ 1  ║ 1 1 0 0 1 1 0 ║ 1 1 0 1  
  120  ║    027     ║     099     ║ 0 0 1 1 0 1 1 ║ 1 1 0 0 0 1 1 ║ 0  ║ 1  ║ 0  ║ 1 1 0 0 0 0 1 ║ 1 1 0 0  
  120  ║    028     ║     100     ║ 0 0 1 1 1 0 0 ║ 1 1 0 0 1 0 0 ║ 0  ║ 1  ║ 0  ║ 1 1 0 0 1 1 0 ║ 1 1 0 1  
  120  ║    029     ║     101     ║ 0 0 1 1 1 0 1 ║ 1 1 0 0 1 0 1 ║ 0  ║ 1  ║ 1  ║ 1 1 0 0 0 0 1 ║ 1 1 0 0  
  120  ║    030     ║     102     ║ 0 0 1 1 1 1 0 ║ 1 1 0 0 1 1 0 ║ 0  ║ 0  ║ 0  ║ 1 1 0 0 1 1 0 ║ 1 1 0 1  
  120  ║    031     ║     103     ║ 0 0 1 1 1 1 1 ║ 1 1 0 0 1 1 1 ║ 0  ║ 0  ║ 1  ║ 1 1 0 0 1 1 0 ║ 1 1 0 1  
  120  ║    032     ║     088     ║ 0 1 0 0 0 0 0 ║ 1 0 1 1 0 0 0 ║ 1  ║ 1  ║ 0  ║ 1 1 1 1 0 0 0 ║ 1 1 1 0 ║ CORRECT 
  120  ║    033     ║     089     ║ 0 1 0 0 0 0 1 ║ 1 0 1 1 0 0 1 ║ 1  ║ 1  ║ 1  ║ 0 0 1 1 0 0 1 ║ 0 0 1 0  
  120  ║    034     ║     090     ║ 0 1 0 0 0 1 0 ║ 1 0 1 1 0 1 0 ║ 1  ║ 0  ║ 0  ║ 1 0 1 0 0 1 0 ║ 1 0 1 0  
  120  ║    035     ║     091     ║ 0 1 0 0 0 1 1 ║ 1 0 1 1 0 1 1 ║ 1  ║ 0  ║ 1  ║ 1 0 0 1 0 1 1 ║ 1 0 0 0  
  120  ║    036     ║     092     ║ 0 1 0 0 1 0 0 ║ 1 0 1 1 1 0 0 ║ 1  ║ 0  ║ 1  ║ 1 0 0 1 1 0 0 ║ 1 0 0 1  
  120  ║    037     ║     093     ║ 0 1 0 0 1 0 1 ║ 1 0 1 1 1 0 1 ║ 1  ║ 0  ║ 0  ║ 1 0 1 0 1 0 1 ║ 1 0 1 1  
  120  ║    038     ║     094     ║ 0 1 0 0 1 1 0 ║ 1 0 1 1 1 1 0 ║ 1  ║ 1  ║ 1  ║ 0 0 1 1 1 1 0 ║ 0 0 1 1  
  120  ║    039     ║     095     ║ 0 1 0 0 1 1 1 ║ 1 0 1 1 1 1 1 ║ 1  ║ 1  ║ 0  ║ 1 1 1 1 1 1 1 ║ 1 1 1 1  
  120  ║    040     ║     080     ║ 0 1 0 1 0 0 0 ║ 1 0 1 0 0 0 0 ║ 0  ║ 1  ║ 0  ║ 1 0 1 0 0 1 0 ║ 1 0 1 0  
  120  ║    041     ║     081     ║ 0 1 0 1 0 0 1 ║ 1 0 1 0 0 0 1 ║ 0  ║ 1  ║ 1  ║ 1 0 1 0 1 0 1 ║ 1 0 1 1  
  120  ║    042     ║     082     ║ 0 1 0 1 0 1 0 ║ 1 0 1 0 0 1 0 ║ 0  ║ 0  ║ 0  ║ 1 0 1 0 0 1 0 ║ 1 0 1 0  
  120  ║    043     ║     083     ║ 0 1 0 1 0 1 1 ║ 1 0 1 0 0 1 1 ║ 0  ║ 0  ║ 1  ║ 1 0 1 0 0 1 0 ║ 1 0 1 0  
  120  ║    044     ║     084     ║ 0 1 0 1 1 0 0 ║ 1 0 1 0 1 0 0 ║ 0  ║ 0  ║ 1  ║ 1 0 1 0 1 0 1 ║ 1 0 1 1  
  120  ║    045     ║     085     ║ 0 1 0 1 1 0 1 ║ 1 0 1 0 1 0 1 ║ 0  ║ 0  ║ 0  ║ 1 0 1 0 1 0 1 ║ 1 0 1 1  
  120  ║    046     ║     086     ║ 0 1 0 1 1 1 0 ║ 1 0 1 0 1 1 0 ║ 0  ║ 1  ║ 1  ║ 1 0 1 0 0 1 0 ║ 1 0 1 0  
  120  ║    047     ║     087     ║ 0 1 0 1 1 1 1 ║ 1 0 1 0 1 1 1 ║ 0  ║ 1  ║ 0  ║ 1 0 1 0 1 0 1 ║ 1 0 1 1  
  120  ║    048     ║     072     ║ 0 1 1 0 0 0 0 ║ 1 0 0 1 0 0 0 ║ 0  ║ 1  ║ 1  ║ 1 0 0 1 1 0 0 ║ 1 0 0 1  
  120  ║    049     ║     073     ║ 0 1 1 0 0 0 1 ║ 1 0 0 1 0 0 1 ║ 0  ║ 1  ║ 0  ║ 1 0 0 1 0 1 1 ║ 1 0 0 0  
  120  ║    050     ║     074     ║ 0 1 1 0 0 1 0 ║ 1 0 0 1 0 1 0 ║ 0  ║ 0  ║ 1  ║ 1 0 0 1 0 1 1 ║ 1 0 0 0  
  120  ║    051     ║     075     ║ 0 1 1 0 0 1 1 ║ 1 0 0 1 0 1 1 ║ 0  ║ 0  ║ 0  ║ 1 0 0 1 0 1 1 ║ 1 0 0 0  
  120  ║    052     ║     076     ║ 0 1 1 0 1 0 0 ║ 1 0 0 1 1 0 0 ║ 0  ║ 0  ║ 0  ║ 1 0 0 1 1 0 0 ║ 1 0 0 1  
  120  ║    053     ║     077     ║ 0 1 1 0 1 0 1 ║ 1 0 0 1 1 0 1 ║ 0  ║ 0  ║ 1  ║ 1 0 0 1 1 0 0 ║ 1 0 0 1  
  120  ║    054     ║     078     ║ 0 1 1 0 1 1 0 ║ 1 0 0 1 1 1 0 ║ 0  ║ 1  ║ 0  ║ 1 0 0 1 1 0 0 ║ 1 0 0 1  
  120  ║    055     ║     079     ║ 0 1 1 0 1 1 1 ║ 1 0 0 1 1 1 1 ║ 0  ║ 1  ║ 1  ║ 1 0 0 1 0 1 1 ║ 1 0 0 0  
  120  ║    056     ║     064     ║ 0 1 1 1 0 0 0 ║ 1 0 0 0 0 0 0 ║ 1  ║ 1  ║ 1  ║ 0 0 0 0 0 0 0 ║ 0 0 0 0  
  120  ║    057     ║     065     ║ 0 1 1 1 0 0 1 ║ 1 0 0 0 0 0 1 ║ 1  ║ 1  ║ 0  ║ 1 1 0 0 0 0 1 ║ 1 1 0 0  
  120  ║    058     ║     066     ║ 0 1 1 1 0 1 0 ║ 1 0 0 0 0 1 0 ║ 1  ║ 0  ║ 1  ║ 1 0 1 0 0 1 0 ║ 1 0 1 0  
  120  ║    059     ║     067     ║ 0 1 1 1 0 1 1 ║ 1 0 0 0 0 1 1 ║ 1  ║ 0  ║ 0  ║ 1 0 0 1 0 1 1 ║ 1 0 0 0  
  120  ║    060     ║     068     ║ 0 1 1 1 1 0 0 ║ 1 0 0 0 1 0 0 ║ 1  ║ 0  ║ 0  ║ 1 0 0 1 1 0 0 ║ 1 0 0 1  
  120  ║    061     ║     069     ║ 0 1 1 1 1 0 1 ║ 1 0 0 0 1 0 1 ║ 1  ║ 0  ║ 1  ║ 1 0 1 0 1 0 1 ║ 1 0 1 1  
  120  ║    062     ║     070     ║ 0 1 1 1 1 1 0 ║ 1 0 0 0 1 1 0 ║ 1  ║ 1  ║ 0  ║ 1 1 0 0 1 1 0 ║ 1 1 0 1  
  120  ║    063     ║     071     ║ 0 1 1 1 1 1 1 ║ 1 0 0 0 1 1 1 ║ 1  ║ 1  ║ 1  ║ 0 0 0 0 1 1 1 ║ 0 0 0 1  
  120  ║    064     ║     056     ║ 1 0 0 0 0 0 0 ║ 0 1 1 1 0 0 0 ║ 1  ║ 1  ║ 1  ║ 1 1 1 1 0 0 0 ║ 1 1 1 0 ║ CORRECT 
  120  ║    065     ║     057     ║ 1 0 0 0 0 0 1 ║ 0 1 1 1 0 0 1 ║ 1  ║ 1  ║ 0  ║ 0 0 1 1 0 0 1 ║ 0 0 1 0  
  120  ║    066     ║     058     ║ 1 0 0 0 0 1 0 ║ 0 1 1 1 0 1 0 ║ 1  ║ 0  ║ 1  ║ 0 1 0 1 0 1 0 ║ 0 1 0 0  
  120  ║    067     ║     059     ║ 1 0 0 0 0 1 1 ║ 0 1 1 1 0 1 1 ║ 1  ║ 0  ║ 0  ║ 0 1 1 0 0 1 1 ║ 0 1 1 0  
  120  ║    068     ║     060     ║ 1 0 0 0 1 0 0 ║ 0 1 1 1 1 0 0 ║ 1  ║ 0  ║ 0  ║ 0 1 1 0 1 0 0 ║ 0 1 1 1  
  120  ║    069     ║     061     ║ 1 0 0 0 1 0 1 ║ 0 1 1 1 1 0 1 ║ 1  ║ 0  ║ 1  ║ 0 1 0 1 1 0 1 ║ 0 1 0 1  
  120  ║    070     ║     062     ║ 1 0 0 0 1 1 0 ║ 0 1 1 1 1 1 0 ║ 1  ║ 1  ║ 0  ║ 0 0 1 1 1 1 0 ║ 0 0 1 1  
  120  ║    071     ║     063     ║ 1 0 0 0 1 1 1 ║ 0 1 1 1 1 1 1 ║ 1  ║ 1  ║ 1  ║ 1 1 1 1 1 1 1 ║ 1 1 1 1  
  120  ║    072     ║     048     ║ 1 0 0 1 0 0 0 ║ 0 1 1 0 0 0 0 ║ 0  ║ 1  ║ 1  ║ 0 1 1 0 1 0 0 ║ 0 1 1 1  
  120  ║    073     ║     049     ║ 1 0 0 1 0 0 1 ║ 0 1 1 0 0 0 1 ║ 0  ║ 1  ║ 0  ║ 0 1 1 0 0 1 1 ║ 0 1 1 0  
  120  ║    074     ║     050     ║ 1 0 0 1 0 1 0 ║ 0 1 1 0 0 1 0 ║ 0  ║ 0  ║ 1  ║ 0 1 1 0 0 1 1 ║ 0 1 1 0  
  120  ║    075     ║     051     ║ 1 0 0 1 0 1 1 ║ 0 1 1 0 0 1 1 ║ 0  ║ 0  ║ 0  ║ 0 1 1 0 0 1 1 ║ 0 1 1 0  
  120  ║    076     ║     052     ║ 1 0 0 1 1 0 0 ║ 0 1 1 0 1 0 0 ║ 0  ║ 0  ║ 0  ║ 0 1 1 0 1 0 0 ║ 0 1 1 1  
  120  ║    077     ║     053     ║ 1 0 0 1 1 0 1 ║ 0 1 1 0 1 0 1 ║ 0  ║ 0  ║ 1  ║ 0 1 1 0 1 0 0 ║ 0 1 1 1  
  120  ║    078     ║     054     ║ 1 0 0 1 1 1 0 ║ 0 1 1 0 1 1 0 ║ 0  ║ 1  ║ 0  ║ 0 1 1 0 1 0 0 ║ 0 1 1 1  
  120  ║    079     ║     055     ║ 1 0 0 1 1 1 1 ║ 0 1 1 0 1 1 1 ║ 0  ║ 1  ║ 1  ║ 0 1 1 0 0 1 1 ║ 0 1 1 0  
  120  ║    080     ║     040     ║ 1 0 1 0 0 0 0 ║ 0 1 0 1 0 0 0 ║ 0  ║ 1  ║ 0  ║ 0 1 0 1 0 1 0 ║ 0 1 0 0  
  120  ║    081     ║     041     ║ 1 0 1 0 0 0 1 ║ 0 1 0 1 0 0 1 ║ 0  ║ 1  ║ 1  ║ 0 1 0 1 1 0 1 ║ 0 1 0 1  
  120  ║    082     ║     042     ║ 1 0 1 0 0 1 0 ║ 0 1 0 1 0 1 0 ║ 0  ║ 0  ║ 0  ║ 0 1 0 1 0 1 0 ║ 0 1 0 0  
  120  ║    083     ║     043     ║ 1 0 1 0 0 1 1 ║ 0 1 0 1 0 1 1 ║ 0  ║ 0  ║ 1  ║ 0 1 0 1 0 1 0 ║ 0 1 0 0  
  120  ║    084     ║     044     ║ 1 0 1 0 1 0 0 ║ 0 1 0 1 1 0 0 ║ 0  ║ 0  ║ 1  ║ 0 1 0 1 1 0 1 ║ 0 1 0 1  
  120  ║    085     ║     045     ║ 1 0 1 0 1 0 1 ║ 0 1 0 1 1 0 1 ║ 0  ║ 0  ║ 0  ║ 0 1 0 1 1 0 1 ║ 0 1 0 1  
  120  ║    086     ║     046     ║ 1 0 1 0 1 1 0 ║ 0 1 0 1 1 1 0 ║ 0  ║ 1  ║ 1  ║ 0 1 0 1 0 1 0 ║ 0 1 0 0  
  120  ║    087     ║     047     ║ 1 0 1 0 1 1 1 ║ 0 1 0 1 1 1 1 ║ 0  ║ 1  ║ 0  ║ 0 1 0 1 1 0 1 ║ 0 1 0 1  
  120  ║    088     ║     032     ║ 1 0 1 1 0 0 0 ║ 0 1 0 0 0 0 0 ║ 1  ║ 1  ║ 0  ║ 0 0 0 0 0 0 0 ║ 0 0 0 0  
  120  ║    089     ║     033     ║ 1 0 1 1 0 0 1 ║ 0 1 0 0 0 0 1 ║ 1  ║ 1  ║ 1  ║ 1 1 0 0 0 0 1 ║ 1 1 0 0  
  120  ║    090     ║     034     ║ 1 0 1 1 0 1 0 ║ 0 1 0 0 0 1 0 ║ 1  ║ 0  ║ 0  ║ 0 1 0 1 0 1 0 ║ 0 1 0 0  
  120  ║    091     ║     035     ║ 1 0 1 1 0 1 1 ║ 0 1 0 0 0 1 1 ║ 1  ║ 0  ║ 1  ║ 0 1 1 0 0 1 1 ║ 0 1 1 0  
  120  ║    092     ║     036     ║ 1 0 1 1 1 0 0 ║ 0 1 0 0 1 0 0 ║ 1  ║ 0  ║ 1  ║ 0 1 1 0 1 0 0 ║ 0 1 1 1  
  120  ║    093     ║     037     ║ 1 0 1 1 1 0 1 ║ 0 1 0 0 1 0 1 ║ 1  ║ 0  ║ 0  ║ 0 1 0 1 1 0 1 ║ 0 1 0 1  
  120  ║    094     ║     038     ║ 1 0 1 1 1 1 0 ║ 0 1 0 0 1 1 0 ║ 1  ║ 1  ║ 1  ║ 1 1 0 0 1 1 0 ║ 1 1 0 1  
  120  ║    095     ║     039     ║ 1 0 1 1 1 1 1 ║ 0 1 0 0 1 1 1 ║ 1  ║ 1  ║ 0  ║ 0 0 0 0 1 1 1 ║ 0 0 0 1  
  120  ║    096     ║     024     ║ 1 1 0 0 0 0 0 ║ 0 0 1 1 0 0 0 ║ 0  ║ 0  ║ 1  ║ 0 0 1 1 0 0 1 ║ 0 0 1 0  
  120  ║    097     ║     025     ║ 1 1 0 0 0 0 1 ║ 0 0 1 1 0 0 1 ║ 0  ║ 0  ║ 0  ║ 0 0 1 1 0 0 1 ║ 0 0 1 0  
  120  ║    098     ║     026     ║ 1 1 0 0 0 1 0 ║ 0 0 1 1 0 1 0 ║ 0  ║ 1  ║ 1  ║ 0 0 1 1 1 1 0 ║ 0 0 1 1  
  120  ║    099     ║     027     ║ 1 1 0 0 0 1 1 ║ 0 0 1 1 0 1 1 ║ 0  ║ 1  ║ 0  ║ 0 0 1 1 0 0 1 ║ 0 0 1 0  
  120  ║    100     ║     028     ║ 1 1 0 0 1 0 0 ║ 0 0 1 1 1 0 0 ║ 0  ║ 1  ║ 0  ║ 0 0 1 1 1 1 0 ║ 0 0 1 1  
  120  ║    101     ║     029     ║ 1 1 0 0 1 0 1 ║ 0 0 1 1 1 0 1 ║ 0  ║ 1  ║ 1  ║ 0 0 1 1 0 0 1 ║ 0 0 1 0  
  120  ║    102     ║     030     ║ 1 1 0 0 1 1 0 ║ 0 0 1 1 1 1 0 ║ 0  ║ 0  ║ 0  ║ 0 0 1 1 1 1 0 ║ 0 0 1 1  
  120  ║    103     ║     031     ║ 1 1 0 0 1 1 1 ║ 0 0 1 1 1 1 1 ║ 0  ║ 0  ║ 1  ║ 0 0 1 1 1 1 0 ║ 0 0 1 1  
  120  ║    104     ║     016     ║ 1 1 0 1 0 0 0 ║ 0 0 1 0 0 0 0 ║ 1  ║ 0  ║ 1  ║ 0 0 0 0 0 0 0 ║ 0 0 0 0  
  120  ║    105     ║     017     ║ 1 1 0 1 0 0 1 ║ 0 0 1 0 0 0 1 ║ 1  ║ 0  ║ 0  ║ 0 0 1 1 0 0 1 ║ 0 0 1 0  
  120  ║    106     ║     018     ║ 1 1 0 1 0 1 0 ║ 0 0 1 0 0 1 0 ║ 1  ║ 1  ║ 1  ║ 1 0 1 0 0 1 0 ║ 1 0 1 0  
  120  ║    107     ║     019     ║ 1 1 0 1 0 1 1 ║ 0 0 1 0 0 1 1 ║ 1  ║ 1  ║ 0  ║ 0 1 1 0 0 1 1 ║ 0 1 1 0  
  120  ║    108     ║     020     ║ 1 1 0 1 1 0 0 ║ 0 0 1 0 1 0 0 ║ 1  ║ 1  ║ 0  ║ 0 1 1 0 1 0 0 ║ 0 1 1 1  
  120  ║    109     ║     021     ║ 1 1 0 1 1 0 1 ║ 0 0 1 0 1 0 1 ║ 1  ║ 1  ║ 1  ║ 1 0 1 0 1 0 1 ║ 1 0 1 1  
  120  ║    110     ║     022     ║ 1 1 0 1 1 1 0 ║ 0 0 1 0 1 1 0 ║ 1  ║ 0  ║ 0  ║ 0 0 1 1 1 1 0 ║ 0 0 1 1  
  120  ║    111     ║     023     ║ 1 1 0 1 1 1 1 ║ 0 0 1 0 1 1 1 ║ 1  ║ 0  ║ 1  ║ 0 0 0 0 1 1 1 ║ 0 0 0 1  
  120  ║    112     ║     008     ║ 1 1 1 0 0 0 0 ║ 0 0 0 1 0 0 0 ║ 1  ║ 0  ║ 0  ║ 0 0 0 0 0 0 0 ║ 0 0 0 0  
  120  ║    113     ║     009     ║ 1 1 1 0 0 0 1 ║ 0 0 0 1 0 0 1 ║ 1  ║ 0  ║ 1  ║ 0 0 1 1 0 0 1 ║ 0 0 1 0  
  120  ║    114     ║     010     ║ 1 1 1 0 0 1 0 ║ 0 0 0 1 0 1 0 ║ 1  ║ 1  ║ 0  ║ 0 1 0 1 0 1 0 ║ 0 1 0 0  
  120  ║    115     ║     011     ║ 1 1 1 0 0 1 1 ║ 0 0 0 1 0 1 1 ║ 1  ║ 1  ║ 1  ║ 1 0 0 1 0 1 1 ║ 1 0 0 0  
  120  ║    116     ║     012     ║ 1 1 1 0 1 0 0 ║ 0 0 0 1 1 0 0 ║ 1  ║ 1  ║ 1  ║ 1 0 0 1 1 0 0 ║ 1 0 0 1  
  120  ║    117     ║     013     ║ 1 1 1 0 1 0 1 ║ 0 0 0 1 1 0 1 ║ 1  ║ 1  ║ 0  ║ 0 1 0 1 1 0 1 ║ 0 1 0 1  
  120  ║    118     ║     014     ║ 1 1 1 0 1 1 0 ║ 0 0 0 1 1 1 0 ║ 1  ║ 0  ║ 1  ║ 0 0 1 1 1 1 0 ║ 0 0 1 1  
  120  ║    119     ║     015     ║ 1 1 1 0 1 1 1 ║ 0 0 0 1 1 1 1 ║ 1  ║ 0  ║ 0  ║ 0 0 0 0 1 1 1 ║ 0 0 0 1  
  120  ║    120     ║     000     ║ 1 1 1 1 0 0 0 ║ 0 0 0 0 0 0 0 ║ 0  ║ 0  ║ 0  ║ 0 0 0 0 0 0 0 ║ 0 0 0 0  
  120  ║    121     ║     001     ║ 1 1 1 1 0 0 1 ║ 0 0 0 0 0 0 1 ║ 0  ║ 0  ║ 1  ║ 0 0 0 0 0 0 0 ║ 0 0 0 0  
  120  ║    122     ║     002     ║ 1 1 1 1 0 1 0 ║ 0 0 0 0 0 1 0 ║ 0  ║ 1  ║ 0  ║ 0 0 0 0 0 0 0 ║ 0 0 0 0  
  120  ║    123     ║     003     ║ 1 1 1 1 0 1 1 ║ 0 0 0 0 0 1 1 ║ 0  ║ 1  ║ 1  ║ 0 0 0 0 1 1 1 ║ 0 0 0 1  
  120  ║    124     ║     004     ║ 1 1 1 1 1 0 0 ║ 0 0 0 0 1 0 0 ║ 0  ║ 1  ║ 1  ║ 0 0 0 0 0 0 0 ║ 0 0 0 0  
  120  ║    125     ║     005     ║ 1 1 1 1 1 0 1 ║ 0 0 0 0 1 0 1 ║ 0  ║ 1  ║ 0  ║ 0 0 0 0 1 1 1 ║ 0 0 0 1  
  120  ║    126     ║     006     ║ 1 1 1 1 1 1 0 ║ 0 0 0 0 1 1 0 ║ 0  ║ 0  ║ 1  ║ 0 0 0 0 1 1 1 ║ 0 0 0 1  
  120  ║    127     ║     007     ║ 1 1 1 1 1 1 1 ║ 0 0 0 0 1 1 1 ║ 0  ║ 0  ║ 0  ║ 0 0 0 0 1 1 1 ║ 0 0 0 1  
